1 H 1.008 0.0899 1.000132
2 He 4.0026 0.1785 1.000036
3 Li 6.94 0.535 -1
4 Be 9.0122 1.848 -1
5 B 10.81 2.46 -1
6 C 12.011 2.26 2.417
7 N 14.007 1.251 1.000298
8 O 15.999 1.429 1.000271
9 F 18.998 1.696 1.000195
10 Ne 20.180 0.9 1.000067
11 Na 22.990 0.968 -1
12 Mg 24.305 1.738 -1
13 Al 26.982 2.7 -1
14 Si 28.085 2.33 3.42
15 P 30.974 1.823 1.001212
16 S 32.06 1.96 1.001111
17 Cl 35.45 3.214 1.000773
18 Ar 39.948 1.784 1.000281
19 K 39.098 0.856 -1
20 Ca 40.078 1.55 -1
21 Sc 44.956 2.985 -1
22 Ti 47.867 4.507 -1
23 V 50.942 6.11 -1
24 Cr 51.996 7.14 -1
25 Mn 54.938 7.47 -1
26 Fe 55.845 7.874 -1
27 Co 58.933 8.9 -1
28 Ni 58.693 8.908 -1
29 Cu 63.546 8.92 -1
30 Zn 65.38 7.14 1.00205
31 Ga 69.723 5.904 -1
32 Ge 72.63 5.323 4.05
33 As 74.922 5.727 1.001552
34 Se 78.96 4.819 1.000895
35 Br 79.904 3.112 1.661
36 Kr 83.798 3.75 1.000427
37 Rb 85.468 1.532 -1
38 Sr 87.62 2.63 -1
39 Y 88.906 6.57 -1
40 Zr 91.224 6.511 -1
41 Nb 92.906 8.57 -1
42 Mo 95.96 10.28 -1
43 Tc 97.91 11.5 -1
44 Ru 101.07 12.37 -1
45 Rh 102.91 21.02 -1
46 Pd 106.42 12.023 -1
47 Ag 107.87 10.49 -1
48 Cd 112.41 8.65 -1
49 In 114.82 7.31 -1
50 Sn 118.71 7.31 -1
51 Sb 121.76 6.697 -1
52 Te 127.60 6.24 1.000991
53 I 126.90 4.94 -1
54 Xe 131.29 5.9 1.000702
55 Cs 132.91 1.879 -1
56 Ba 137.33 3.51 -1
57 La 138.91 6.146 -1
58 Ce 140.12 6.689 -1
59 Pr 140.91 6.64 -1
60 Nd 144.24 7.01 -1
61 Pm 144.91 7.264 -1
62 Sm 150.36 7.353 -1
63 Eu 151.96 5.244 -1
64 Gd 157.25 7.901 -1
65 Tb 158.92 8.219 -1
66 Dy 162.50 8.551 -1
67 Ho 164.93 8.795 -1
68 Er 167.26 9.066 -1
69 Tm 168.93 9.321 -1
70 Yb 173.05 6.57 -1
71 Lu 174.97 9.841 -1
72 Hf 178.49 13.31 -1
73 Ta 180.95 16.65 -1
74 W 183.84 19.25 -1
75 Re 186.21 21.02 -1
76 Os 190.23 22.61 -1
77 Ir 192.22 22.65 -1
78 Pt 195.08 21.09 -1
79 Au 196.97 19.3 -1
80 Hg 200.59 13.534 1.000933
81 Tl 204.38 11.85 -1
82 Pb 207.20 11.34 -1
83 Bi 208.98 9.78 -1
84 Po 208.98 9.196 -1
85 At 209.99 6.35 -1
86 Rn 222.02 9.73 -1
87 Fr 223.02 2.8 -1
88 Ra 226.03 5.5 -1
89 Ac 22.03  10.07 -1
90 Th 232.04 11.724 -1
91 Pa 231.04 15.37 -1
92 U 238.03 19.05 -1
10 Water 18 1 1.333
38 CS2 76.139 1.26 1.628
42 Benzene 78.11 0.876 1.501
182 Sugar 342.3 0.85 1.3723
64 GaAs 144.6446 5.32 3.927
32 SiO2 60.08 2.65 1.52
22 SiC 40.11 3.1 2.65
1 end -1 1 
